1.000000e+00 8.414710e-01
1.200000e+00 9.320391e-01
1.400000e+00 9.854497e-01
1.600000e+00 9.995736e-01
1.800000e+00 9.738476e-01
2.000000e+00 9.092974e-01
2.200000e+00 8.084964e-01
2.400000e+00 6.754632e-01
2.600000e+00 5.155014e-01
2.800000e+00 3.349882e-01
3.000000e+00 1.411200e-01
3.200000e+00 -5.837414e-02
3.400000e+00 -2.555411e-01
3.600000e+00 -4.425204e-01
3.800000e+00 -6.118579e-01
4.000000e+00 -7.568025e-01
4.200000e+00 -8.715758e-01
4.400000e+00 -9.516021e-01
4.600000e+00 -9.936910e-01
4.800000e+00 -9.961646e-01
5.000000e+00 -9.589243e-01
